titulo,A Palo Seco,Aguapé,Alucinação,Amor de Perdição,Amor e Crime,Apenas Um Rapaz Latino Americano,Arte Final,Até Amanhã,Ate Mais Ver,Baihuno,Balada de Madame Frigidaire,Balada do Amor,Bebelo,Beijo Molhado,Bel Prazer,Bossa Em Palavrões,Brasileiramente Linda,Brincando Com a Vida,Brotinho de Bambu,Canção de Gesta de Um Trovador Eletrônico,Carisma,Caso Comum de Trânsito,Clamor No Deserto,Comentários a Respeito de John,Como Nossos Pais,Como Se Fosse Pecado,Conheço o Meu Lugar,Coração Selvagem,Corpos Terrestres,Cuidar do Homem,Dandy,De Primeira Grandeza,Depois Das Seis,Divina Comédia Humana,"Do Mar, do Céu, do Campo",E Que Tudo Mais Vá Para o Céu,Elegia Obscena,Em Resposta à Carta de Fã,Espacial,Extra Cool,Fotografia 3X4,"Galos, Noites e Quintais",Humano Hum,Jornal Blues (Canção Leve de Escárnio e Maldizer),Kitsch Metropolitanus,La Vida Es Sueño,Lamento do Marginal Bem Sucedido,Lira dos Vinte Anos,Máquina II,Medo de Avião,Meu Cordial Brasileiro,Meu Nome é Cem,Monólogo das Grandezas do Brasil,Mote e Glosa,Mucuripe,Na Hora do Almoço,Nada Como Viver,Não Leve Flores,No Maior Jazz,Notícia de Terra Civilizada,Num País Feliz,Objeto Direto,Ondas Tropicais,Onde Jazz Meu Coração?,Os Derradeiros Moicanos,Os Profissionais,Paraíso,Paraíso (1982),Paralelas,Pequeno Mapa do Tempo,Pequeno Perfil de Um Cidadão Comum,Ploft,Populus,Princesa do Meu Lugar,Quinhentos Anos de Quê?,Recitanda,Retórica Sentimental,Rock Romance de Um Robô Goliardo,S.A.,Se Você Tivesse Aparecido,Seixo Rolado,Senhoras do Amazonas,Sensual,Sujeito de Sorte,Tambor Tantã,Tocando Por Música,Todo Sujo de Batom,Tudo Outra Vez,Viva La Dolcezza,Voz da América,Ypê
A Palo Seco,0.9999999999999996,0.02790226337762286,0.04277369474103663,0.05853534754850062,0.04713324425784374,0.13202616081274887,0.101326078632705,0.02730603780886833,0.047725075047187746,0.12439727646802949,0.10679774453317953,0.10971513640550087,0.0,0.0746365475266573,0.06453398399293976,0.06084112210796707,0.024106065938883103,0.08480946158133802,0.06633904307685626,0.050184209954354596,0.05313802144287484,0.1116005732054837,0.17550145249567078,0.073193235631689,0.1522821040765658,0.11524861826609932,0.13144692460399895,0.14401082522878383,0.009576037203077523,0.09086601059702984,0.09017907249016353,0.0914436885934785,0.11493206331662792,0.11431969681278766,0.03836352150928145,0.1025533239634628,0.04620193955689804,0.10594820996980381,0.06126104328104183,0.028119423356837932,0.15789724617201478,0.152611158308206,0.05564082440112968,0.15284127656875252,0.10440718299906929,0.04779683174082327,0.1712441592754528,0.09256653330959193,0.0,0.039354838951602515,0.10308643533829524,0.1242851790550404,0.1027245446658954,0.014158884106896223,0.061784429766387455,0.025826177545189448,0.03465565186859521,0.09190683316307245,0.0539352388626511,0.06658757654683606,0.0311135215081015,0.1122141230541372,0.08658126391577393,0.09502765963478602,0.06261238528509488,0.07312955412793706,0.1563317968773136,0.06997066392248166,0.11719690038598195,0.07667655073975771,0.11792382366185726,0.07442353918708397,0.03189059031113109,0.062131825306558176,0.10579916240241106,0.10995593737211827,0.07756665870350317,0.17892396430682683,0.05491015863467456,0.05469747664614142,0.13906606109914577,0.04639805488321226,0.11251163656293117,0.11455526667405933,0.1268574804112896,0.090990896894208,0.18265715286625592,0.12990506472613475,0.022005788971116068,0.15854027174017774,0.04943241250751913
Aguapé,0.02790226337762286,1.0000000000000002,0.04291981683728,0.07683662125360065,0.04349538605351938,0.21165143501373634,0.09561453557812798,0.004934884699074064,0.17359622829425864,0.07746670066586521,0.04836759556101183,0.04667330287322663,0.0,0.03726635218061188,0.025201203041578874,0.0791277719458443,0.01056282575910259,0.03972295151905571,0.03109524708725277,0.02296315795530302,0.050558620527477706,0.07340610947471886,0.10302358563401309,0.05896414364202427,0.09294973002609294,0.042296144873351774,0.11867381518101353,0.05134970287226218,0.009467167829767156,0.07899339784398023,0.021983374032474266,0.116267776116517,0.08797912948200165,0.09395206687528879,0.022872669574827535,0.08114037178236684,0.0570322247049529,0.052280172410259104,0.08314574509036542,0.01149465332003756,0.06701478218792153,0.0494374041029741,0.03885131424261105,0.12691937000376688,0.035321990410116105,0.05258958089431923,0.09026211368289237,0.06597172204420065,0.0046388764371861025,0.015244555794723195,0.08485021309354922,0.10830756951038988,0.11359544578284438,0.03571457266553511,0.03532563407805777,0.0319475445607291,0.5826778743298686,0.07190344995174928,0.05644055370315176,0.061560713749825184,0.07307232774947996,0.034819690663023595,0.03191690011228632,0.08153787360441953,0.035797259039626314,0.048945770565550266,0.06551955454294277,0.06844817251432725,0.060571464264643604,0.024502868914785668,0.05487902943734414,0.032627887865787755,0.021128798630127465,0.08557625447516057,0.06403753108792304,0.04416271218732135,0.050271079567546624,0.1124186632351956,0.1345461007089188,0.023569043970205986,0.1442624565826773,0.03049755683799224,0.05373194599046603,0.024321746494798995,0.056888954240812306,0.05681894565882662,0.0493568433216859,0.06627164480485383,0.015376800602584428,0.091280786649882,0.04926160705031937
Alucinação,0.04277369474103663,0.04291981683728,1.0000000000000002,0.05666951547466334,0.0753351343125904,0.0965949813661723,0.08881680227606135,0.01793039963961631,0.08717838363488259,0.0836040220418491,0.053034172150649414,0.09146383020201712,0.0,0.05124943471274015,0.031118004420021002,0.11924241534173331,0.033171031455615695,0.10220942467675899,0.053599838244355505,0.08338672270921788,0.05426981246254198,0.14465132558260976,0.11151392806027517,0.070457263221995,0.10768626935737677,0.08059091717455408,0.09775577489596086,0.10118808198747281,0.008967758440584058,0.08534374022131853,0.05958303451031854,0.08100898234749955,0.08327826227321507,0.09903064272067746,0.022324198640549124,0.12345221832935824,0.04181224627029745,0.09175075295676682,0.07609500060077094,0.030566872877994276,0.12440795824697756,0.07891701035571626,0.030026312872885874,0.0985266475003016,0.03915314337217917,0.02432729150109936,0.12036215413305355,0.04937889377762172,0.0,0.01770829036203152,0.08780030412691898,0.07614773630115806,0.08220093509681775,0.008730011283585574,0.07486028113107121,0.07744403934721196,0.036726408562469705,0.12601535496926367,0.05623993830895506,0.08927107347196629,0.06516582462621416,0.08319507433464891,0.024404246682150254,0.07742138055476931,0.03107077335401344,0.051092684825232854,0.12466666355892426,0.0571787285348614,0.11107365276813551,0.026981414287332344,0.11199526257913783,0.053043974668581184,0.053923068000823166,0.07670087775858322,0.07876588833615397,0.04676419471963239,0.03650133935841651,0.12502972664588582,0.037475584730094984,0.05460362585008214,0.10421590034163014,0.040297808129516076,0.07834496921362664,0.04137174034543114,0.06976364275144734,0.06429606090389164,0.07624885424074215,0.11254908301824725,0.021988306294518683,0.11684536633711919,0.027229454377626
Amor de Perdição,0.05853534754850062,0.07683662125360065,0.05666951547466334,1.0000000000000002,0.12867961341674977,0.07623260803325761,0.06961754691614175,0.037304171984512226,0.07934431068429326,0.09733776074295247,0.0726848013077395,0.13563531040194302,0.0,0.07061482595480406,0.030715354549297413,0.19412657544301737,0.08373040950043845,0.08701573101833272,0.06279193030894198,0.027786807014707475,0.02938166743634671,0.10113060927643758,0.09371894796448861,0.07946930794023792,0.1118714943958408,0.09787282449191594,0.10192772281641538,0.14754388447730094,0.017497271579636854,0.0919738417254631,0.031723986662670796,0.13546912578880632,0.11269909058660708,0.08270270170641092,0.03842943722899962,0.0786384238756329,0.03386437370771764,0.09104366497531777,0.11807974714282676,0.021768156661877893,0.1047307711545735,0.09838109647189876,0.013038707717769793,0.18703892190009289,0.08346711347360859,0.03633187544066322,0.11544699299039804,0.07295320677946351,0.0,0.03265234094285803,0.05951047730333949,0.06852001287888662,0.12246969698857574,0.004904818615282681,0.08760540623472159,0.03100749269039286,0.03184306184831266,0.10317713615245279,0.11078330779630918,0.1082598149251373,0.047764604664119505,0.05852131645378045,0.039412341037040166,0.051397699185977676,0.03330676634141071,0.12055779026452924,0.16994441377820896,0.06948639369150099,0.0984205923241762,0.024866803812350763,0.13438078229738581,0.04996577639597133,0.035026935886389735,0.10329110537452708,0.09070830636376451,0.1090641915185474,0.04951165898376766,0.11057533715271148,0.05987814556412056,0.05307960848656857,0.08304893471767397,0.06661264507746702,0.07310561125591214,0.03262746385724811,0.11142087308803751,0.0741416824813775,0.06655035881456957,0.09203706656256058,0.019572495368757055,0.15489039470735427,0.08993442172560391
Amor e Crime,0.04713324425784374,0.04349538605351938,0.0753351343125904,0.12867961341674977,1.0000000000000004,0.16475567896699828,0.09287651582492916,0.03130135389886334,0.0669941493127644,0.12241062208513909,0.0796060371659437,0.23605715584523362,0.0,0.04370703446174622,0.03599801709287474,0.17366415809824323,0.07616232978495402,0.08639034699514954,0.05007714982815977,0.039960685706338935,0.012059922996463279,0.07265943499915521,0.09025372724027013,0.0483034565489002,0.1456520210431926,0.06227765378367492,0.07944371331270457,0.07392105210496916,0.007687758784363856,0.1229208182730836,0.05723392021953185,0.09023977008126251,0.07779544251783665,0.09169667391878822,0.033913922555936615,0.07125376370611662,0.04358249600619717,0.08513059764654406,0.06600640276134143,0.029428738931645573,0.0680177944272452,0.06824011097367369,0.020037504089132237,0.18750922942676065,0.07442500751515813,0.03662390763905031,0.15447522881050735,0.07506308096614461,0.0,0.016586185864408312,0.04517786715030764,0.08842228580021369,0.09158991632822665,0.009686213364898603,0.06547385450451829,0.031052125351806202,0.029078372781249643,0.10144681301537711,0.10915208581626273,0.10925477411777154,0.10052984273065836,0.05401670365943375,0.04535309628655548,0.07288234891376166,0.08359066689983435,0.09982061798324036,0.13959730299112194,0.09320954290743873,0.12715770220372524,0.02197434443970979,0.05876169372306107,0.07954346551570418,0.03650963005166937,0.097986216016704,0.0749617672587909,0.08614520364016635,0.03076018843769538,0.11851008970733447,0.07060179868872848,0.06665796653752568,0.09026603227554464,0.06433796694893354,0.07329832719458562,0.03209535556320008,0.13013281093114903,0.0631654981506051,0.05513564752250533,0.11091673384285335,0.024850301431848302,0.13687311199604973,0.07379581961574545
Apenas Um Rapaz Latino Americano,0.13202616081274887,0.21165143501373634,0.0965949813661723,0.07623260803325761,0.16475567896699828,1.0000000000000007,0.141967831051612,0.07707092415975486,0.12208855079778612,0.1448709040093269,0.13915500528424274,0.08430476190892754,0.0,0.10140980837748594,0.06239945003506115,0.13554186751343614,0.049302195469507794,0.13452550073964173,0.08033692655732595,0.05976374100664388,0.051557647517608086,0.15043612286315305,0.19489304569948712,0.108836710828622,0.24607093339180144,0.12267271677896092,0.2003815180879059,0.12959919214005544,0.012238040071945611,0.15192823482065704,0.09401936126516783,0.13388171802146803,0.14194303590227755,0.15540536086419168,0.06221047031587453,0.14721449866033928,0.07877049073561496,0.1876459328636826,0.10798937985451866,0.03235436365906235,0.22699377856833763,0.18264839653666987,0.06569974158156264,0.20367493692934213,0.07616434628180699,0.055731704970363734,0.2040393524951924,0.09197927695387625,0.013970754439607722,0.03498132406401672,0.1917229843470225,0.20150732700008728,0.17819424284604868,0.026396171128605428,0.10084640626908054,0.05474218861609421,0.2008723832271795,0.1619103140692044,0.10611697725411212,0.16655792017120208,0.11338337678068659,0.08636020958523595,0.08630637813410878,0.10682007058808837,0.05629572786402488,0.0905817715925246,0.16388924350657405,0.08214222701156404,0.147197653385847,0.09043226438369711,0.1389910129333027,0.11573121405360241,0.0491607425272272,0.09819490274380431,0.11446892936592583,0.11724337051338314,0.07705372092640216,0.22210620936728814,0.118128135822877,0.08534440630967244,0.22416154286681708,0.05669064351997539,0.13195353191296524,0.11652432434601864,0.12218308869993608,0.15409010536456566,0.13450596051237795,0.17499527471181694,0.0250434946590189,0.16722677915341752,0.09867696839615893
Arte Final,0.101326078632705,0.09561453557812798,0.08881680227606135,0.06961754691614175,0.09287651582492916,0.141967831051612,0.9999999999999996,0.0622197923743655,0.08113021254863827,0.1449030456004141,0.11279181689340803,0.07902818499609054,0.0,0.061426761877476,0.05231806197298553,0.1404742305263074,0.026372931963457285,0.12052511381661288,0.0441353477422584,0.053277093330810536,0.10033628629112272,0.08515626953064709,0.1266048977745627,0.06988229262413694,0.23595716332084024,0.1001535608542742,0.18908805910380644,0.17081192221099764,0.010701588923850315,0.10210425387709945,0.057412704351659814,0.0902605136897891,0.1536014643996802,0.08847764591452698,0.026497674575621837,0.09960071245440322,0.07342764320698536,0.14066389124890719,0.140837083952535,0.02244365356882496,0.11742013025316678,0.08849492763342577,0.025013178555959754,0.16412871309237248,0.048012188367983336,0.03993016833115672,0.14041598584057702,0.11713387909608425,0.0,0.030479416944060127,0.10270139232302929,0.12620929258634628,0.14046159524397112,0.005771300221123349,0.045090672160749745,0.04521592129782668,0.05489090650455886,0.1420532427251206,0.08045500314798741,0.0551475757746421,0.0699735636293478,0.08071914625357393,0.02502672076246278,0.07915352803782703,0.04898199312880716,0.13101721247243023,0.1390767120125747,0.07480891139749836,0.09646651658786556,0.03205106551402516,0.08842807782725043,0.04134161843204159,0.039903132253165274,0.09770830532012936,0.0868627339884467,0.12216774521419792,0.06698833742184124,0.17825170062459728,0.09838031416377503,0.029778457402828053,0.07113838919919986,0.03881816602902667,0.06388539789967125,0.041136591730563554,0.08536407033355722,0.10637717241610803,0.05857839467400313,0.11777084155071034,0.05563217218986501,0.1186894706031727,0.04375773459621138
Até Amanhã,0.02730603780886833,0.004934884699074064,0.01793039963961631,0.037304171984512226,0.03130135389886334,0.07707092415975486,0.0622197923743655,1.0,0.0181838231188973,0.041688101210629096,0.08896788399349351,0.06328928084560279,0.0,0.006333858027868764,0.07603712024254616,0.026681587000206425,0.023572806967540893,0.0934450032472739,0.00642581143605281,0.006874351799430051,0.003727708212825247,0.0480473699874784,0.03504262049048004,0.008920300979717043,0.05303322999223712,0.09524755992353813,0.048128003331332485,0.04613569585697004,0.0,0.08816112846986121,0.031587115031670825,0.0742007931106317,0.0747452923056601,0.05346418531341683,0.014696325224147508,0.027625792282449768,0.018673931538062953,0.03130704213250487,0.07387808029804144,0.0011610500662260768,0.08412387417607886,0.04252641935881494,0.040917880508556645,0.06088886018807911,0.013302203973901486,0.02208241691987827,0.02439049881741055,0.013051193724266821,0.0,0.009612960131751492,0.04554517154812596,0.03355841441209708,0.06457044252030573,0.0,0.029861620190745706,0.033113962114933414,0.07179780787240346,0.04068067143350133,0.04336942648540705,0.030644674116128624,0.03503097347255069,0.025644959954674917,0.015471363531947627,0.03512631774305964,0.009804054773435671,0.05959325598603887,0.07911293423805944,0.006630213275783817,0.02426306226732569,0.024286405145887174,0.040128346046093784,0.04370189812703398,0.0013059489277109134,0.039708197775768755,0.04660816718628629,0.08861432079060941,0.020066973663830978,0.06079297917485322,0.042668548311277595,0.046359950467020024,0.048956063976803445,0.023873453030389555,0.026490924295430554,0.02080940096111394,0.0412714038171958,0.02107691560388165,0.018843230400771776,0.08259268024147011,0.06083789746629473,0.022673323132791343,0.051114893864115676
Ate Mais Ver,0.047725075047187746,0.17359622829425864,0.08717838363488259,0.07934431068429326,0.0669941493127644,0.12208855079778612,0.08113021254863827,0.0181838231188973,1.0000000000000007,0.11929882207226769,0.05793884358145582,0.07596866866435016,0.0,0.021790180605378903,0.03247298349612228,0.13488780673758266,0.030868025906003373,0.07160583022639588,0.045220840908372674,0.015603823763275355,0.09789414032955356,0.07423006398494876,0.10077348722435193,0.053234077957466354,0.10101467402359192,0.058688044882217676,0.05926044330069878,0.06966826613626619,0.004889744072088784,0.07041991957299269,0.05246007551754223,0.1206078166609072,0.08314204300876311,0.10371442208799488,0.023280752820645054,0.12387577921992624,0.046294115852168784,0.06199028528490882,0.1403879614633797,0.028642254241127752,0.056410868230362184,0.0739854606894457,0.03194107677369903,0.09061675118765977,0.04544598158643609,0.02845076514586133,0.09645673083470534,0.06809531706725111,0.0037916366892607385,0.028697872247868746,0.07209939817378855,0.1327371521525728,0.11516679473207468,0.12110463095261664,0.04312118566130587,0.04714173644293816,0.15514500960102898,0.046129376522816894,0.06349638564177228,0.12431343128506181,0.09186625786381873,0.033181259180574,0.023940403325004713,0.07295337746096105,0.03209342592024148,0.09417389456696612,0.1015983478497681,0.09400870722752103,0.07949335546190166,0.015793625166372397,0.0880268979819033,0.056680792952592,0.043461616843270476,0.09373699756025256,0.0931120722523248,0.035556859508146244,0.05371434924212822,0.10721909722082869,0.06707458617017413,0.027508997966108784,0.1167660733721289,0.06893878070659348,0.08565163638737128,0.02493149827163365,0.10519665093694563,0.04542906654424999,0.05814907489285545,0.04914109879766772,0.028897205899176073,0.09544463354116299,0.04606896062450094
Baihuno,0.12439727646802949,0.07746670066586521,0.0836040220418491,0.09733776074295247,0.12241062208513909,0.1448709040093269,0.1449030456004141,0.041688101210629096,0.11929882207226769,1.0000000000000004,0.18125875964001384,0.15106633336181907,0.0,0.08613831520100362,0.04817337477367456,0.1440608672145491,0.05216156287880249,0.14676608287794637,0.11673063158293767,0.08525617291499334,0.09417438749452438,0.15114851077163335,0.19900581671402168,0.10541101097738358,0.18647452919528062,0.1203386806174752,0.15301366016748105,0.15978915959167814,0.02013109448540165,0.12310613285819653,0.111597351018073,0.15230964201298522,0.13065277428906907,0.1424675574907525,0.0691929201751532,0.1349066530174713,0.07207155789020704,0.1411654147264609,0.17790050774240934,0.03481989917273109,0.2008745518288722,0.12221877884167535,0.08955206732952095,0.21522731695298608,0.11347133660665432,0.058016333618310434,0.20611324030578032,0.1623216934626044,0.007972334557038628,0.048378859923272725,0.17388176432650282,0.14312370308867448,0.21293981349938745,0.01647888317866922,0.1072748669328392,0.07552819917375773,0.04083453165586197,0.13995045496428832,0.1540233291233793,0.15001778105305968,0.0755169811006748,0.08294460890082801,0.10015716264048248,0.13367391406337173,0.0941994796011074,0.16164040363985474,0.17002400829719344,0.14618189348036525,0.11463570934570719,0.04875137597009696,0.12630727313236334,0.10073345970901985,0.06017382763503886,0.13811855812585397,0.1275690858086667,0.13348611164428825,0.06368773737809993,0.24750379974381656,0.11268039076585963,0.08216540005037445,0.15224700884180498,0.09096020763762373,0.11763099269696405,0.03350520975700256,0.1688983948979789,0.11038295515621593,0.18305140382016324,0.1614489555731768,0.07538202727876019,0.20551654818446638,0.07626366440433319
Balada de Madame Frigidaire,0.10679774453317953,0.04836759556101183,0.053034172150649414,0.0726848013077395,0.0796060371659437,0.13915500528424274,0.11279181689340803,0.08896788399349351,0.05793884358145582,0.18125875964001384,1.000000000000001,0.12489252458268824,0.0,0.0708632150482379,0.07235590650739798,0.10371763547531407,0.030524557572168567,0.09106652129597693,0.0699042760207041,0.06432127405872463,0.08078655000407237,0.08865604345387673,0.12248593403660549,0.06279573804819741,0.13480110915445373,0.07453380782591587,0.10174261299076705,0.10960961089911936,0.020730828577772045,0.09521274820045733,0.06610160256115934,0.1263860875239984,0.09806186666488073,0.10166547903855118,0.06794203617231283,0.10294840833458145,0.033884125461868336,0.09946466439397664,0.12354790407243159,0.030111049460021806,0.15588791296903665,0.0892038889427805,0.06244069211860183,0.15739731524213202,0.07308899668366825,0.08122545907512721,0.11345890233867287,0.08651097757929409,0.007585825742648096,0.042837717577872136,0.09726168370159904,0.09958855183832616,0.16038143708745728,0.014760583226410651,0.05303507093831162,0.06675898869942187,0.04225529539783607,0.09542907314584932,0.07012324785451927,0.1041875927167354,0.04537610934395875,0.06222749375583466,0.07450764121844071,0.07588787383759033,0.0840115925738733,0.11024178417670905,0.12350397094908028,0.08034885218799165,0.06891420852438565,0.03838535807195696,0.09456769235889588,0.06822790296835896,0.025619198162095142,0.07726481181227927,0.08217059003931584,0.10694185117687759,0.05903360592681227,0.17865694658921155,0.061308165436365476,0.05301255386837169,0.08326133472166022,0.06103646001511532,0.08886915895426646,0.061347167617319835,0.12093868160055661,0.10844772729784198,0.09703855541365644,0.15711896620588453,0.09383956733124832,0.11426186342077138,0.04390814679586727
Balada do Amor,0.10971513640550087,0.04667330287322663,0.09146383020201712,0.13563531040194302,0.23605715584523362,0.08430476190892754,0.07902818499609054,0.06328928084560279,0.07596866866435016,0.15106633336181907,0.12489252458268824,1.0000000000000002,0.0,0.06158638260424364,0.054359724610099726,0.16735008104404783,0.06142227360393592,0.11787966549914723,0.07288824962879555,0.031240601003642832,0.07186470965293465,0.1273652539402844,0.10623566451742589,0.10083081255708938,0.11220402013383254,0.0962204786224943,0.17270916771320163,0.10571792656084458,0.009225847348270158,0.13141827122299204,0.0897422535717683,0.12787057252945283,0.13946228127758728,0.12233605695943066,0.03744782265130479,0.07910528503780262,0.04983696036807168,0.11611044765310304,0.1074695039770016,0.052566290918332065,0.13488799702821228,0.09446523203414502,0.03998582309742662,0.2466223235652962,0.06579816940239956,0.10289258560695744,0.16272200567050973,0.08878301217083827,0.0,0.03366319944160887,0.08188040609689029,0.10299137948524957,0.11784535994822425,0.0070764273382164285,0.06388914411639404,0.0331298419088323,0.05513847740711901,0.10363185113252657,0.1080277266328101,0.06333392741699148,0.08697439161671898,0.10134003131189548,0.07914232729194906,0.07585862181125184,0.08723945549072698,0.1233579801722724,0.16801313962734676,0.09192149356747437,0.15343074356850944,0.03617512718293385,0.08319053187388085,0.09222598361110301,0.02595919099570739,0.13697819723438295,0.10045310514591312,0.1162332128870041,0.0658230638934643,0.14823037071225412,0.1446433536474162,0.08809483254143086,0.12168516462119339,0.07157114905585987,0.11559705894026288,0.05634956204191147,0.12267324362722645,0.08164698962987228,0.12721934643469998,0.11542784611569348,0.07195020921814904,0.1512806177154533,0.06431868251700433
Bebelo,0.0,0.0,0.0,0.0,0.0,0.0,0.0,0.0,0.0,0.0,0.0,0.0,1.0000000000000002,0.0,0.0,0.0,0.0,0.0,0.0,0.0,0.0,0.0,0.0,0.0,0.0,0.0,0.0,0.0,0.00450470173123705,0.0,0.0,0.0,0.0,0.0,0.0,0.0,0.0,0.0,0.0,0.0,0.0,0.0,0.0,0.0,0.0,0.0,0.0,0.0,0.0,0.0,0.0,0.0,0.0,0.0,0.0,0.0,0.0,0.0,0.0,0.0,0.0,0.0,0.0,0.0,0.007199562664738261,0.0,0.0,0.0,0.0,0.018006265956358573,0.0,0.0,0.0,0.0,0.0,0.0,0.0,0.0,0.0,0.0,0.008221686309353935,0.0,0.0,0.0,0.0,0.0,0.0,0.0,0.0,0.0,0.0
Beijo Molhado,0.0746365475266573,0.03726635218061188,0.05124943471274015,0.07061482595480406,0.04370703446174622,0.10140980837748594,0.061426761877476,0.006333858027868764,0.021790180605378903,0.08613831520100362,0.0708632150482379,0.06158638260424364,0.0,0.9999999999999996,0.02523851080680789,0.05448044333927409,0.06247145344998605,0.052288952696700135,0.09394888346635914,0.09634140003180511,0.0329697911493406,0.08278371216286373,0.0983828446814746,0.06326359371499497,0.07653327911039924,0.06056905371024141,0.08571759014985174,0.08495906434877647,0.044074400670586884,0.05136497227418421,0.08122572013149153,0.06067571954826103,0.05489897908546455,0.0754157438521202,0.064324862253749,0.05922598025023293,0.03824438050552938,0.08868273008054052,0.04584538511141202,0.03827771836471985,0.0875181302179766,0.06428560500417703,0.03658332300504427,0.09382513154436063,0.06719905460731965,0.032848031181071304,0.1597183509765971,0.0522362677205448,0.0033146380388290064,0.02868193427586245,0.08412006036179585,0.057223398561736145,0.0752439763894194,0.008795508865194776,0.05649972623332007,0.041645385696669,0.019914745482720354,0.08732729442591633,0.05716283193662495,0.07996579922416203,0.03442548973251332,0.04711010813523425,0.06673332398841078,0.06057777301250736,0.06715912129458736,0.06333311175386294,0.07252088126455745,0.048634136445099015,0.06727408815903821,0.025173904836683626,0.06548313883520455,0.05356771677198452,0.023837060545655188,0.04813910112116308,0.04011625047733987,0.06867788193585277,0.07471421382476334,0.15827884270874637,0.043228825314650526,0.042026672498890943,0.09046201442179352,0.049250322554804965,0.07354275947466403,0.030157027411588346,0.09958547498033393,0.04399111641121077,0.11641419695356219,0.11152843470160916,0.018759503378667018,0.08679772465688447,0.028545524576909176
Bel Prazer,0.06453398399293976,0.025201203041578874,0.031118004420021002,0.030715354549297413,0.03599801709287474,0.06239945003506115,0.05231806197298553,0.07603712024254616,0.03247298349612228,0.04817337477367456,0.07235590650739798,0.054359724610099726,0.0,0.02523851080680789,1.0000000000000002,0.06154639125147219,0.05401806158480215,0.0736357865476804,0.02592409631155087,0.031515012650127995,0.039891389873452004,0.10148776705651365,0.07023864774391769,0.032307953837757815,0.10366912547291776,0.0797554872927983,0.10978260529692031,0.07110480647401404,0.0013774534071671312,0.10577612086404992,0.05956767949577311,0.05822269226097204,0.07922690940006505,0.07994671781909661,0.032588875588797285,0.0668448413560514,0.02007441338252126,0.04863134783242101,0.05823741377427907,0.02790885169843748,0.13904154480583017,0.06697648110046019,0.0927835393258378,0.09456903695663037,0.04203668276010719,0.10135738125746793,0.06540589587970815,0.05110987221294243,0.0,0.008859515886188071,0.04173545348869864,0.05426750546088046,0.10472789290580005,0.0021042639713105085,0.01767845181445129,0.07158634226193686,0.07564689509666848,0.061468580033449356,0.05035334953249697,0.05229860653203438,0.029888767061635985,0.059183656733822566,0.06965456560762799,0.0595493756816631,0.08919625751156668,0.044843016043205106,0.08311892777899955,0.06538354264994546,0.03996916646146584,0.017031605076913856,0.07059962884384408,0.07209972207604987,0.008333876417272141,0.08792557739842836,0.04345693815862106,0.03853785500060662,0.03365977460682906,0.08784026505258224,0.03138071119243344,0.03405519000521315,0.09954431238528977,0.05078229061202572,0.18383915696954847,0.020763497597911917,0.06810604972133195,0.057718731689847785,0.06893323022087529,0.0928570508237012,0.056407852638389384,0.09035549958155588,0.058496355536353524
Bossa Em Palavrões,0.06084112210796707,0.0791277719458443,0.11924241534173331,0.19412657544301737,0.17366415809824323,0.13554186751343614,0.1404742305263074,0.026681587000206425,0.13488780673758266,0.1440608672145491,0.10371763547531407,0.16735008104404783,0.0,0.05448044333927409,0.06154639125147219,1.0000000000000004,0.06166423842277552,0.10266481011853067,0.051692072197314184,0.03262620901424658,0.07658048078894358,0.11583152376781113,0.10758067895443568,0.097452266963017,0.1722651805916114,0.08893494945866551,0.16562672051329486,0.07342553486901782,0.021687451449397002,0.098149642930172,0.04620087050529134,0.1207346791030109,0.14330548069213306,0.09121673660840027,0.046990379459598684,0.11065083477900353,0.057761218469238644,0.10139331714101357,0.1589848778210672,0.039371795416027436,0.1532908349986691,0.09083741149163248,0.033626593437528565,0.19981744591835254,0.08642517961645389,0.03378334065823745,0.12857781518284755,0.09537075791486094,0.0027839358271627914,0.03743106505689817,0.09130018376538679,0.11963958936479942,0.14680866205891072,0.018157440580802896,0.10082365936943186,0.08718189680137924,0.05481556487849287,0.14248253591719318,0.1122275255880424,0.09147785825445238,0.10716620564318013,0.10063605096027947,0.05353127383510187,0.0750387670468517,0.08126254296249648,0.11048058213895796,0.181682396813712,0.08759047111372138,0.11328564021556241,0.025657597543374246,0.10934284832030809,0.05482373018459493,0.03498380113083948,0.10768163062084642,0.12688356894106204,0.07289052584610412,0.09163518255912592,0.1360466820658506,0.10280096086842157,0.06529419515842697,0.12369265893571602,0.07521649744991034,0.12482160082928029,0.0425900994800636,0.1441146259975054,0.16092002810304012,0.05396085754127702,0.11838902991248512,0.03795556983719578,0.17254277150422764,0.09041586046267835
Brasileiramente Linda,0.024106065938883103,0.01056282575910259,0.033171031455615695,0.08373040950043845,0.07616232978495402,0.049302195469507794,0.026372931963457285,0.023572806967540893,0.030868025906003373,0.05216156287880249,0.030524557572168567,0.06142227360393592,0.0,0.06247145344998605,0.05401806158480215,0.06166423842277552,1.0000000000000002,0.04151104702676001,0.0653425257705689,0.01666085245740488,0.024550402182075225,0.04259090873126638,0.04912692246288293,0.062115500445584844,0.03894718133989736,0.04727956825070886,0.04352158747753498,0.05168550691482126,0.027230588104329892,0.045272400824501687,0.02512256935506474,0.03732170947991859,0.042715741748099216,0.05134961246087452,0.05049948846033767,0.030863230135178197,0.015413374572759535,0.05816580558060388,0.052133804894854696,0.022026009365103703,0.05639721957306785,0.030089226857338155,0.02880608131135699,0.0801541193254666,0.07940431529182865,0.01676270529727292,0.06414372334031948,0.018351556958749203,0.0,0.006876008277270279,0.037905236058635695,0.03815341725329911,0.0656893279932316,0.021666409006044985,0.03100263462470082,0.018259825362961845,0.01721221540798522,0.03542525237986857,0.08585312033316743,0.05708996890356794,0.022187692597018114,0.03833166334911234,0.036506151467593506,0.029373875375542965,0.024909350009338506,0.04730983447842101,0.04017276071555381,0.044783662675825314,0.03759273035676023,0.013633636314686446,0.038966537223733444,0.028644123644376598,0.015396875207257797,0.04111067485246384,0.022034375147536395,0.04967654965864473,0.059877195082373734,0.05087057148736161,0.025540450155771298,0.04276719161258268,0.0483666226037522,0.07512527581052214,0.05424423372476817,0.046065992307131515,0.09000770201899574,0.03260705018188295,0.03831671473808771,0.15874343153322085,0.010467856304806265,0.05022299640790299,0.015103654956046677
Brincando Com a Vida,0.08480946158133802,0.03972295151905571,0.10220942467675899,0.08701573101833272,0.08639034699514954,0.13452550073964173,0.12052511381661288,0.0934450032472739,0.07160583022639588,0.14676608287794637,0.09106652129597693,0.11787966549914723,0.0,0.052288952696700135,0.0736357865476804,0.10266481011853067,0.04151104702676001,1.0000000000000002,0.06549030625264822,0.029131716030936484,0.09253190011960631,0.13803045436940478,0.1686950729022707,0.17692441970448095,0.19878494568306473,0.14540268258744554,0.16211233518316695,0.19260763659236219,0.02683354869035246,0.13818720430467996,0.16399422553358317,0.15612195218408192,0.18139574514931253,0.14432966475394515,0.038737595778951105,0.1397104739611465,0.03311745493861023,0.10717211512856599,0.10947452552437277,0.011095526519796952,0.15985998153803538,0.13247478076619285,0.04153360782217255,0.1660311796350673,0.060144169596241664,0.07446704548396908,0.10373205351557273,0.06840127974831278,0.0,0.0485612484637103,0.13957744604415537,0.1044671842260045,0.14486911342506073,0.01060525910389699,0.08605717568743486,0.07236569891395292,0.05220927693910991,0.1355260840452398,0.08914441059848516,0.12278962961054138,0.03602132071298341,0.1417189522541147,0.0692116996463851,0.06988023239197713,0.03073194463489671,0.08414471742773239,0.1489689766522275,0.07537912023177726,0.16563699022471884,0.07838723912195897,0.09615481290624066,0.050214696059959485,0.039139894007706906,0.12114936446629392,0.055844623831716546,0.12716895071516207,0.03127441416127084,0.1648963084086346,0.04686625730169948,0.069177144324525,0.137395153573946,0.05474109379859369,0.12964755822239388,0.07570519045707388,0.07577011935193988,0.1313451405236013,0.09802679816528422,0.2264795105835192,0.05493724281639758,0.20383599091076568,0.041447445418132584
Brotinho de Bambu,0.06633904307685626,0.03109524708725277,0.053599838244355505,0.06279193030894198,0.05007714982815977,0.08033692655732595,0.0441353477422584,0.00642581143605281,0.045220840908372674,0.11673063158293767,0.0699042760207041,0.07288824962879555,0.0,0.09394888346635914,0.02592409631155087,0.051692072197314184,0.0653425257705689,0.06549030625264822,1.0,0.04349992931928284,0.026097014158561607,0.08608736696428493,0.08939443710490602,0.07107929886575118,0.08891652067335326,0.04875327895626631,0.07395389258897123,0.1292529994839966,0.010155851885858654,0.05026417449324437,0.07330045073358218,0.049650851578381255,0.06111029765929216,0.06986760447088344,0.07200597827127328,0.052249578767992806,0.03918495258882393,0.0922597260354447,0.041648906877303826,0.0310834218971377,0.06830441784324684,0.08778939202006501,0.03322215765204517,0.09519529457996635,0.08997965826140067,0.02915722582378001,0.11109016915812787,0.07313415889312207,0.0,0.021791745203787002,0.1100097316578677,0.06558520779531672,0.1015272076202138,0.007321804022453327,0.05303342328871489,0.01596918379551101,0.029331562403863864,0.07930567205264802,0.05356069031099503,0.07139536986054827,0.03116016557507725,0.052069557191683116,0.04582639185446917,0.059733743999885264,0.05506281025681205,0.0734523990798358,0.05786739354017293,0.0592675706428259,0.05483228784636014,0.025346722168477914,0.07574809776470966,0.06482959659045616,0.04278481941481525,0.06955814021615174,0.04473116893338105,0.06672166467915006,0.07135158712151898,0.12009045631928562,0.04546278444810259,0.04146441402591311,0.11593367095597021,0.05181918223462438,0.05456520264079914,0.01785695909173695,0.08729862717156356,0.05277867348845823,0.10350932700682297,0.10864573229728755,0.019526103019943963,0.09464043156330336,0.03179543262806256
Canção de Gesta de Um Trovador Eletrônico,0.050184209954354596,0.02296315795530302,0.08338672270921788,0.027786807014707475,0.039960685706338935,0.05976374100664388,0.053277093330810536,0.006874351799430051,0.015603823763275355,0.08525617291499334,0.06432127405872463,0.031240601003642832,0.0,0.09634140003180511,0.031515012650127995,0.03262620901424658,0.01666085245740488,0.029131716030936484,0.04349992931928284,1.0,0.023805134653910386,0.044674811874312596,0.04384518298373746,0.03465220763814464,0.04762108264422043,0.05589944365688234,0.053974007871827025,0.055980073040207315,0.006177774789539346,0.04757929076364583,0.16352991090721447,0.04584227920517208,0.0667526425884557,0.04092915198726146,0.03440535793002034,0.044080764127317144,0.026547097846119264,0.10503721487495633,0.05169914109422231,0.015402976176160597,0.07134551305798192,0.042171137334849694,0.02345029998232394,0.06730431949329739,0.03501480899582359,0.017141915947319404,0.07623052056555603,0.043143111304680945,0.0017275617525333005,0.02208459213834308,0.041907971604730324,0.03415931786767347,0.060196979339496276,0.007540692897207346,0.03628965633565259,0.022178932239070533,0.013698050372849076,0.04829257377457977,0.03643303373327705,0.07074189544230955,0.032931600044633906,0.030909342700029017,0.06268694552328112,0.04497417733738019,0.042677216428866176,0.09506220244201945,0.03773336897579802,0.04528258521874603,0.03361491052529279,0.013764174615514883,0.0495400385790671,0.05763564234364595,0.01791333935642709,0.02783184386789682,0.017376890952321557,0.04543068301965304,0.035942316536754865,0.588897202548166,0.027072883618885008,0.030184263598651447,0.04852302641955941,0.04479189211485463,0.042938586606238054,0.016616062845120544,0.07901661521169262,0.05505095290628337,0.06576393064942378,0.05204798606898811,0.01957109337154719,0.05435389207126956,0.024687903330249193
Carisma,0.05313802144287484,0.050558620527477706,0.05426981246254198,0.02938166743634671,0.012059922996463279,0.051557647517608086,0.10033628629112272,0.003727708212825247,0.09789414032955356,0.09417438749452438,0.08078655000407237,0.07186470965293465,0.0,0.0329697911493406,0.039891389873452004,0.07658048078894358,0.024550402182075225,0.09253190011960631,0.026097014158561607,0.023805134653910386,1.0,0.10179736243060328,0.0891926103616535,0.06147681674206162,0.1290938584199751,0.04144885542329228,0.07434733786368089,0.06193809895081678,0.007782762090394912,0.0755572864761672,0.05987667322763618,0.09081308679181,0.09926673127152504,0.06818321783958935,0.03718932994537836,0.09916583111151127,0.043909249367560306,0.06264305760537359,0.13188568702611533,0.02608894460170621,0.07162484579531975,0.07366671011562348,0.011828239754191769,0.07050713687277045,0.058625374654049774,0.03445674260690842,0.06725950170936147,0.06900024535596602,0.0,0.05131852620211798,0.05201236469103339,0.07089009856888914,0.15142299234701934,0.001829243106948259,0.024717133289251993,0.0481145903699238,0.024362830339642316,0.04956948388346994,0.09008293872484308,0.0957317623890391,0.06606558776547523,0.02432657184091479,0.021912664544888424,0.046377331387656894,0.02898584920775401,0.06513866261657068,0.07689279848882632,0.07384155339982944,0.05036963347482218,0.03537151465201394,0.09479753244015976,0.048982463114054284,0.037844684394377395,0.08143301101575,0.10562012865271268,0.066406587581971,0.0640100072781792,0.10380964132490637,0.07228306243081517,0.030551612196554702,0.03655057358660224,0.037373956970321316,0.045035426028656345,0.031827887956231746,0.050414298055701676,0.05413853464408404,0.030141347884421903,0.0732945105441657,0.01226377366929289,0.07777064541182158,0.02461119989105083
